0.1 56728.57862050198 5.672857862050199
0.1090909090909091 44301.100027401 4.430110002740101
0.1181818181818182 33563.31252561376 3.3563312525613758
0.1272727272727273 24668.28309184091 2.4668283091840912
0.13636363636363635 17660.36648152127 1.766036648152127
0.14545454545454545 12482.935926584534 1.2482935926584535
0.15454545454545454 8991.965711243813 0.8991965711243813
0.16363636363636364 6974.147514972636 0.6974147514972636
0.17272727272727273 6167.964113966341 0.6167964113966341
0.18181818181818182 6286.018803227399 0.6286018803227399
0.19090909090909092 7036.931071030942 0.7036931071030942
0.2 8145.251541741381 0.8145251541741381
0.2090909090909091 9368.104481244922 0.9368104481244922
0.2181818181818182 10507.608119636136 1.0507608119636136
0.22727272727272727 11418.519511222903 1.1418519511222904
0.23636363636363636 12010.966347065847 1.2010966347065848
0.24545454545454545 12248.527819277066 1.2248527819277066
0.2545454545454545 12142.278119977249 1.214227811997725
0.26363636363636367 11741.682942156927 1.1741682942156928
0.2727272727272727 11123.422664317435 1.1123422664317435
0.28181818181818186 10379.295981615238 1.0379295981615237
0.2909090909090909 9604.334265713385 0.9604334265713386
0.3 8886.138577817872 0.8886138577817873
0.3090909090909091 8296.2545112439 0.82962545112439
0.3181818181818182 7884.147336748356 0.7884147336748356
0.32727272727272727 7674.057344419489 0.7674057344419489
0.33636363636363636 7664.730012987879 0.7664730012987879
0.34545454545454546 7831.753485580985 0.7831753485580986
0.3545454545454545 8132.018920011912 0.8132018920011912
0.36363636363636365 8509.66425442524 0.8509664254425241
0.3727272727272727 8902.778712243768 0.8902778712243768
0.38181818181818183 9250.13662709743 0.9250136627097431
0.3909090909090909 9497.290453516967 0.9497290453516968
0.4 9601.473400664692 0.9601473400664693
0.40909090909090906 9534.926308388498 0.9534926308388498
0.4181818181818182 9286.452328186388 0.9286452328186388
0.42727272727272725 8861.196627059178 0.8861196627059179
0.4363636363636364 8278.827439461389 0.8278827439461389
0.44545454545454544 7570.4426940277135 0.7570442694027714
0.4545454545454546 6774.630554945843 0.6774630554945843
0.4636363636363636 5933.1650402166215 0.5933165040216621
0.47272727272727266 5086.817449230333 0.5086817449230333
0.4818181818181818 4271.714127203441 0.42717141272034415
0.49090909090909085 3516.579398154532 0.35165793981545324
0.5 2841.0813272887103 0.28410813272887103
0.509090909090909 2255.3616822684603 0.22553616822684605
0.5181818181818182 1760.6951824068497 0.17606951824068498
0.5272727272727272 1351.1011967446755 0.13511011967446757
0.5363636363636364 1015.6356096399418 0.10156356096399419
0.5454545454545454 741.0304073109144 0.07410304073109145
0.5545454545454546 514.3283514670989 0.05143283514670989
0.5636363636363636 325.18020253826364 0.032518020253826364
0.5727272727272728 167.52839889775942 0.016752839889775942
0.5818181818181818 40.48628881354732 0.004048628881354732
0.6272727272727272 126.12345904588396 0.012612345904588396
0.6363636363636364 356.22202896362626 0.03562220289636263
0.6454545454545454 667.3653749685499 0.06673653749685499
0.6545454545454545 1051.2828280693482 0.10512828280693483
0.6636363636363636 1491.5429527996623 0.14915429527996624
0.6727272727272727 1963.9165688792134 0.19639165688792135
0.6818181818181818 2437.666488331109 0.24376664883311092
0.6909090909090908 2877.669195671871 0.2877669195671871
0.7 3247.1820865123514 0.32471820865123513
0.709090909090909 3510.997284567324 0.35109972845673243
0.7181818181818181 3638.6768389405556 0.3638676838940556
0.7272727272727272 3607.5488447739094 0.36075488447739096
0.7363636363636363 3405.16112830303 0.34051611283030303
0.7454545454545454 3030.936725167094 0.30309367251670943
0.7545454545454545 2496.848574146579 0.2496848574146579
0.7636363636363636 1827.0222856532994 0.18270222856532994
0.7727272727272727 1056.2764585407613 0.10562764585407614
0.7818181818181817 227.70996087088236 0.022770996087088238
0.9181818181818181 128.13199101237933 0.012813199101237934
0.9272727272727272 486.96146007136525 0.04869614600713653
0.9363636363636363 718.0534083692968 0.07180534083692969
0.9454545454545454 811.9509796272156 0.08119509796272156
0.9545454545454545 770.5029505485383 0.07705029505485383
0.9636363636363636 606.0924542228975 0.06060924542228975
0.9727272727272727 340.0249064656087 0.03400249064656087
0.9818181818181817 0.2464043843415169 2.464043843415169e-05
